# MVE view meta data is stored in INI-file syntax.
# This file is generated, formatting will get lost.

[camera]
focal_length = 0.957405448
pixel_aspect = 1
principal_point = 0.5 0.5
rotation = 0.9999993443 -0.001224428881 0.0002240390022 0.0012231617 0.9999777675 0.006821232848 -0.0002319216001 -0.00682098791 0.9999784827
translation = -0.003053912893 -0.034616936 -0.0029345043

[view]
id = 5
name = IMG_0196
