# MVE view meta data is stored in INI-file syntax.
# This file is generated, formatting will get lost.

[camera]
focal_length = 0.9496079683
pixel_aspect = 1
principal_point = 0.5 0.5
rotation = 0.9997694492 -0.003356052097 0.02185473777 0.003220307408 0.9999904633 0.006282922812 -0.02187618241 -0.006218769588 0.9997681379
translation = -0.2249973267 -2.785801172 -0.1750726998

[view]
id = 2
name = IMG_0193
