# MVE view meta data is stored in INI-file syntax.
# This file is generated, formatting will get lost.

[camera]
focal_length = 0.9491531253
pixel_aspect = 1
principal_point = 0.5 0.5
rotation = 1.00000298 0.005397482775 -0.01280781627 -0.005565238185 1.000136971 0.005228091031 0.01281095576 -0.005179870408 1.00016439
translation = -0.4134225845 -4.653665543 -0.2680620551

[view]
id = 0
name = IMG_0191
