# MVE view meta data is stored in INI-file syntax.
# This file is generated, formatting will get lost.

[camera]
focal_length = 0.9549052715
pixel_aspect = 1
principal_point = 0.5 0.5
rotation = 0.999981463 0.009671590291 -0.0007311687805 -0.009685360827 0.9999211431 0.01197744813 0.0008350446587 -0.01198708825 0.9999898076
translation = -0.1708394885 -1.872188687 -0.09359698743

[view]
id = 3
name = IMG_0194
