# MVE view meta data is stored in INI-file syntax.
# This file is generated, formatting will get lost.

[camera]
focal_length = 0.9467864633
pixel_aspect = 1
principal_point = 0.5 0.5
rotation = 0.9999758005 -0.00740858214 0.004777020309 0.007365572732 1.000102282 0.004943363369 -0.004857235588 -0.004915576428 1.000123262
translation = -0.2841318846 -3.728291273 -0.2448824346

[view]
id = 1
name = IMG_0192
